9.44
69.56
116.38
137.89
147.87
375.53
429.19
431.16
510.88
575.10
597.52
598.62
608.72
636.31
674.32
684.68
723.21
724.04
753.83
760.80
765.13
819.94
821.16
821.92
881.18
946.45
964.06
998.13
1021.55
1159.78
1209.02
1222.33
1275.54
1304.54
1319.37
1679.90
1684.84
1905.62
1979.23
2173.67
2477.02
2563.83
3351.31
3959.72
4692.53
4846.50
6863.21
10688.00
13419.97
15389.16
998.13
964.06
946.45
9.44
881.18
821.92
821.16
819.94
765.13
760.80
753.83
724.04
723.21
69.56
6863.21
684.68
674.32
636.31
608.72
598.62
597.52
575.10
510.88
4846.50
4692.53
431.16
429.19
3959.72
375.53
3351.31
2563.83
2477.02
2173.67
1979.23
1905.62
1684.84
1679.90
15389.16
147.87
137.89
13419.97
1319.37
1304.54
1275.54
1222.33
1209.02
116.38
1159.78
10688.00
1021.55
9.44
69.56
116.38
137.89
147.87
375.53
429.19
431.16
510.88
575.10
597.52
598.62
608.72
636.31
674.32
684.68
723.21
724.04
753.83
760.80
765.13
819.94
821.16
821.92
881.18
946.45
964.06
998.13
1021.55
1159.78
1209.02
1222.33
1275.54
1304.54
1319.37
1679.90
1684.84
1905.62
1979.23
2173.67
2477.02
2563.83
3351.31
3959.72
4692.53
4846.50
6863.21
10688.00
13419.97
15389.16
15389.16
13419.97
10688.00
6863.21
4846.50
4692.53
3959.72
3351.31
2563.83
2477.02
2173.67
1979.23
1905.62
1684.84
1679.90
1319.37
1304.54
1275.54
1222.33
1209.02
1159.78
1021.55
998.13
964.06
946.45
881.18
821.92
821.16
819.94
765.13
760.80
753.83
724.04
723.21
684.68
674.32
636.31
608.72
598.62
597.52
575.10
510.88
431.16
429.19
375.53
147.87
137.89
116.38
69.56
9.44
